#include <stdio.h>
#include <windows.h>
#include <stdlib.h>
#include <time.h>
void setcolor(unsigned short text, unsigned short back);
void gotoxy(int x,int y);
void main1();
void CursorView();
int main(){
	CursorView();
	main1();
	int a;
	int board[25][40]={
	{2,0,0,0,0,0,0,0,0,0,0,0,0,0,0,0,0,0,0,0,0,0,0,0,0,0,0,0,0,0,0,0,0,0,0,0,0,0,0,2},
	{2,0,0,0,0,0,0,0,0,0,0,0,0,0,0,0,0,0,0,0,0,0,0,0,0,0,0,0,0,0,0,0,0,0,0,0,0,0,0,2},
	{2,0,0,0,0,0,0,0,0,0,0,0,0,0,0,0,0,0,0,0,0,0,0,0,0,0,0,0,0,0,0,0,0,0,0,0,0,0,0,2},
	{2,3,3,3,3,3,3,3,3,3,3,3,3,3,3,3,3,3,3,3,3,3,3,3,3,3,3,3,3,3,3,3,3,3,3,3,3,3,3,2},
	{2,0,0,0,0,0,0,0,0,0,0,0,0,0,0,0,0,0,0,0,0,0,0,0,0,0,0,0,0,0,0,0,0,0,0,0,0,0,0,2},
	{2,0,0,0,0,0,0,0,0,0,0,0,0,0,0,0,0,0,0,0,0,0,0,0,0,0,0,0,0,0,0,0,0,0,0,0,0,0,0,2},
	{2,0,0,0,0,0,0,0,0,0,0,0,0,0,0,0,0,0,0,0,0,0,0,0,0,0,0,0,0,0,0,0,0,0,0,0,0,0,0,2},
	{2,0,0,0,0,0,0,0,0,0,0,0,0,0,0,0,0,0,0,0,0,0,0,0,0,0,0,0,0,0,0,0,0,0,0,0,0,0,0,2},
	{2,0,0,0,0,0,0,0,0,0,0,0,0,0,0,0,0,0,0,0,0,0,0,0,0,0,0,0,0,0,0,0,0,0,0,0,0,0,0,2},
	{2,0,0,0,0,0,0,0,0,0,0,0,0,0,0,0,0,0,0,0,0,0,0,0,0,0,0,0,0,0,0,0,0,0,0,0,0,0,0,2},
	{2,0,0,0,0,0,0,0,0,0,0,0,0,0,0,0,0,0,0,0,0,0,0,0,0,0,0,0,0,0,0,0,0,0,0,0,0,0,0,2},
	{2,0,0,0,0,0,0,0,0,0,0,0,0,0,0,0,0,0,0,0,0,0,0,0,0,0,0,0,0,0,0,0,0,0,0,0,0,0,0,2},
	{2,0,0,0,0,0,0,0,0,0,0,0,0,0,0,0,0,0,0,0,0,0,0,0,0,0,0,0,0,0,0,0,0,0,0,0,0,0,0,2},
	{2,0,0,0,0,0,0,0,0,0,0,0,0,0,0,0,0,0,0,0,0,0,0,0,0,0,0,0,0,0,0,0,0,0,0,0,0,0,0,2},
	{2,0,0,0,0,0,0,0,0,0,0,0,0,0,0,0,0,0,0,0,0,0,0,0,0,0,0,0,0,0,0,0,0,0,0,0,0,0,0,2},
	{2,0,0,0,0,0,0,0,0,0,0,0,0,0,0,0,0,0,0,0,0,0,0,0,0,0,0,0,0,0,0,0,0,0,0,0,0,0,0,2},
	{2,0,0,0,0,0,0,0,0,0,0,0,0,0,0,0,0,0,0,0,0,0,0,0,0,0,0,0,0,0,0,0,0,0,0,0,0,0,0,2},
	{2,0,0,0,0,0,0,0,0,0,0,0,0,0,0,0,0,0,0,0,0,0,0,0,0,0,0,0,0,0,0,0,0,0,0,0,0,0,0,2},
	{2,0,0,0,0,0,0,0,0,0,0,0,0,0,0,0,0,0,0,0,0,0,0,0,0,0,0,0,0,0,0,0,0,0,0,0,0,0,0,2},
	{2,0,0,0,0,0,0,0,0,0,0,0,0,0,0,0,0,0,0,0,0,0,0,0,0,0,0,0,0,0,0,0,0,0,0,0,0,0,0,2},
	{2,0,0,0,0,0,0,0,0,0,0,0,0,0,0,0,0,0,0,0,0,0,0,0,0,0,0,0,0,0,0,0,0,0,0,0,0,0,0,2},
	{2,0,0,0,0,0,0,0,0,0,0,0,0,0,0,0,0,0,0,0,0,0,0,0,0,0,0,0,0,0,0,0,0,0,0,0,0,0,0,2},
	{2,0,0,0,0,0,0,0,0,0,0,0,0,0,0,0,0,0,0,0,0,0,0,0,0,0,0,0,0,0,0,0,0,0,0,0,0,0,0,2},
	{2,0,0,0,0,0,0,0,0,0,0,0,0,0,0,0,0,0,0,0,0,0,0,0,0,0,0,0,0,0,0,0,0,0,0,0,0,0,0,2},
	{2,2,2,2,2,2,2,2,2,2,2,2,2,2,2,2,2,2,2,2,2,2,2,2,2,2,2,2,2,2,2,2,2,2,2,2,2,2,2,2},
	};
	
	for(int i=0;i<40;i++){
        for(int j=0;j<25;j++){
            if(board[i][j]==2){
                printf(" ▦");
            }
            else if(board[i][j]==3){
            	printf("--");
			}else if(board[i][j]==1){
				printf("■");
			}else{
				printf(" ");
			}
		}
	}
//	srand(time(NULL));
}
void gotoxy(int x,int y){
	COORD Pos = { x - 1, y - 1 };
    SetConsoleCursorPosition(GetStdHandle(STD_OUTPUT_HANDLE), Pos);
}
void main1(){
	int a=0;
	int x=5; //타이틀화면이 표시되는 x좌표 
	int y=4; //타이틀화면이 표시되는 y좌표 
	int cnt; //타이틀 프레임을 세는 변수  
	gotoxy(x,y+0);printf("■□□□■■■□□■■□□■■");Sleep(100);
    gotoxy(x,y+1);printf("■■■□  ■□□    ■■□□■");Sleep(100);
    gotoxy(x,y+2);printf("□□□■              □■  ■");Sleep(100);
    gotoxy(x,y+3);printf("■■□■■  □  ■  □□■□□");Sleep(100);
    gotoxy(x,y+4);printf("■■  ■□□□■■■□■■□□");Sleep(100);
    gotoxy(x+6,y+2);printf("T E T R I S");Sleep(100);
    gotoxy(x,y+7);printf("Please Enter 'Enter' Key to Start..");
    gotoxy(x,y+9); printf("  △   : Shift");     
    gotoxy(x,y+10); printf("◁  ▷ : Left / Right");     
    gotoxy(x,y+11); printf("  ▽   : Soft Drop");
    gotoxy(x,y+12); printf(" SPACE : Hard Drop"); 
    gotoxy(x,y+13); printf("   P   : Pause"); 
    gotoxy(x,y+14); printf("  ESC  : Quit");  
    gotoxy(x,y+16); printf("BONUS FOR HARD DROPS / COMBOS"); 
    while(a==0){
    	if(GetAsyncKeyState(VK_RETURN)){
    		a=1;
		}
		if(a==1){
			system("cls");
		}
	}
}
void setcolor(unsigned short text, unsigned short back){
	SetConsoleTextAttribute(GetStdHandle(STD_OUTPUT_HANDLE), text | (back << 4));
}
void CursorView(){
    CONSOLE_CURSOR_INFO cursorInfo = { 0, };
    cursorInfo.dwSize = 1; //커서 굵기 (1 ~ 100)
    cursorInfo.bVisible = FALSE; //커서 Visible TRUE(보임) FALSE(숨김)
    SetConsoleCursorInfo(GetStdHandle(STD_OUTPUT_HANDLE), &cursorInfo);
}
/*system("mode con:cols=100 lines=10");  콘솔창크기
system("color 4(배경색)2(글자색)");  콘솔창색상 
setcolor(글자색,배경색); 
 검정			 0
 어두운 파랑	 1
 어두운 초록	 2
 어두운 하늘	 3
 어두운 빨강	 4
 어두운 보라	 5
 어두운 노랑	 6
 회색			 7
 어두운 회색	 8
 파랑	 		 9
  초록	 		 10 A
 하늘	 		 11 B
 빨강			 12 C
 보라	  		 13 D
 노랑	 		 14 E
 하양			 15 F*/
